1e-05 0.000311316 0.0196981 0 0 0 0
0.000594736842105 0.000311296 0.019049 0 0 0 0
0.00117605417051 0.000311263 0.0185857 0 0 0 0
0.00175397198238 0.000311222 0.0183354 0 0 0 0
0.00232851015792 0.00031118 0.0183002 0 0 0 0
0.00289968846109 0.00031114 0.0184437 0 0 0 0
0.00347086676426 0.000311103 0.0186991 0 0 0 0
0.00404204506743 0.000311071 0.0189873 0 0 0 0
0.00461664359996 0.00031104 0.0192426 0 0 0 0
0.00519124213249 0.000311008 0.0194258 0 0 0 0
0.00576934431461 0.000310976 0.019537 0 0 0 0
0.00634744649673 0.000310943 0.0196041 0 0 0 0
0.00692913937563 0.00031091 0.0196699 0 0 0 0
0.00751083225454 0.000310878 0.0197707 0 0 0 0
0.00809252513344 0.000310848 0.0199231 0 0 0 0
0.00867421801234 0.00031082 0.0201202 0 0 0 0
0.00925591089124 0.000310794 0.0203381 0 0 0 0
0.00983389871996 0.000310769 0.0205482 0 0 0 0
0.0104118865487 0.000310743 0.0207335 0 0 0 0
0.0109898743774 0.000310716 0.0208902 0 0 0 0
0.0115641332524 0.000310687 0.0210283 0 0 0 0
0.0121383921274 0.000310658 0.0211665 0 0 0 0
0.0127126510024 0.000310628 0.0213208 0 0 0 0
0.0132869098773 0.000310599 0.0214976 0 0 0 0
0.0138611687523 0.000310572 0.0216911 0 0 0 0
0.0144354276273 0.000310546 0.0218846 0 0 0 0
0.0150096865023 0.000310521 0.0220572 0 0 0 0
0.0155839453773 0.000310498 0.022191 0 0 0 0
0.0161621375322 0.000310474 0.0222778 0 0 0 0
0.0167403296872 0.000310451 0.0223189 0 0 0 0
0.0173185218421 0.000310428 0.0223273 0 0 0 0
0.0179007857728 0.000310405 0.022321 0 0 0 0
0.0184830497035 0.000310382 0.0223185 0 0 0 0
0.0190653136342 0.000310359 0.0223338 0 0 0 0
0.0196475775649 0.000310337 0.0223748 0 0 0 0
0.0202256525464 0.000310315 0.0224432 0 0 0 0
0.020803727528 0.000310294 0.0225379 0 0 0 0
0.0213818025095 0.000310273 0.0226565 0 0 0 0
0.0219598774911 0.000310252 0.0227967 0 0 0 0
0.0225337019213 0.000310231 0.0229549 0 0 0 0
0.0231075263515 0.00031021 0.0231291 0 0 0 0
0.0236813507817 0.000310191 0.0233151 0 0 0 0
0.0242551752119 0.000310171 0.0235069 0 0 0 0
0.0248289996421 0.000310153 0.0236976 0 0 0 0
0.0254072381064 0.000310135 0.0238817 0 0 0 0
0.0259854765707 0.000310117 0.0240523 0 0 0 0
0.026563715035 0.0003101 0.024207 0 0 0 0
0.0271419534993 0.000310083 0.0243466 0 0 0 0
0.0277201919636 0.000310066 0.0244751 0 0 0 0
0.0282984304279 0.000310049 0.0245977 0 0 0 0
0.0288766688922 0.000310032 0.0247202 0 0 0 0
0.0294549073565 0.000310015 0.0248465 0 0 0 0
0.0300331458208 0.000309998 0.0249784 0 0 0 0
0.030611384285 0.000309981 0.0251153 0 0 0 0
0.0311896227493 0.000309965 0.0252546 0 0 0 0
0.0317678612136 0.000309949 0.0253931 0 0 0 0
0.0323460996779 0.000309933 0.0255277 0 0 0 0
0.0329243381422 0.000309918 0.0256562 0 0 0 0
0.0335025766065 0.000309903 0.0257774 0 0 0 0
0.0340808150708 0.000309888 0.0258912 0 0 0 0
0.0346590535351 0.000309874 0.0259979 0 0 0 0
0.0352372919994 0.00030986 0.0260978 0 0 0 0
0.0358155304637 0.000309847 0.0261914 0 0 0 0
0.036393768928 0.000309834 0.0262785 0 0 0 0
0.0369720073923 0.000309821 0.0263591 0 0 0 0
0.0375502458565 0.000309808 0.0264331 0 0 0 0
0.0381284843208 0.000309795 0.0265008 0 0 0 0
0.0387067227851 0.000309781 0.0265627 0 0 0 0
0.0392849612494 0.000309768 0.02662 0 0 0 0
0.0398631997137 0.000309754 0.0266737 0 0 0 0
0.040441438178 0.000309741 0.0267251 0 0 0 0
0.0410196766423 0.000309727 0.0267753 0 0 0 0
0.0415979151066 0.000309714 0.0268252 0 0 0 0
0.0421761535709 0.000309701 0.0268753 0 0 0 0
0.0427543920352 0.000309689 0.0269261 0 0 0 0
0.0433326304995 0.000309677 0.0269783 0 0 0 0
0.0439108689637 0.000309665 0.0270325 0 0 0 0
0.044489107428 0.000309654 0.0270896 0 0 0 0
0.0450673458923 0.000309644 0.0271503 0 0 0 0
0.0456455843566 0.000309634 0.0272152 0 0 0 0
0.0462238228209 0.000309624 0.0272848 0 0 0 0
0.0468020612852 0.000309615 0.0273585 0 0 0 0
0.0473802997495 0.000309606 0.0274355 0 0 0 0
0.0479585382138 0.000309597 0.027514 0 0 0 0
0.0485367766781 0.000309589 0.0275918 0 0 0 0
0.0491150151424 0.000309581 0.0276664 0 0 0 0
0.0496932536067 0.000309573 0.0277355 0 0 0 0
0.050271492071 0.000309564 0.027797 0 0 0 0
0.0508497305352 0.000309556 0.0278496 0 0 0 0
0.0514279689995 0.000309548 0.0278929 0 0 0 0
0.0520062074638 0.00030954 0.027927 0 0 0 0
0.0525844459281 0.000309532 0.0279531 0 0 0 0
0.0531626843924 0.000309524 0.0279729 0 0 0 0
0.0537409228567 0.000309516 0.0279885 0 0 0 0
0.054319161321 0.000309509 0.0280019 0 0 0 0
0.0548973997853 0.000309501 0.0280152 0 0 0 0
0.0554756382496 0.000309493 0.0280301 0 0 0 0
0.0560538767139 0.000309486 0.0280479 0 0 0 0
0.0566321151782 0.000309478 0.0280692 0 0 0 0
0.0572103536424 0.000309471 0.0280941 0 0 0 0
0.0577885921067 0.000309464 0.0281222 0 0 0 0
0.058366830571 0.000309456 0.0281525 0 0 0 0
0.0589450690353 0.000309449 0.0281839 0 0 0 0
0.0595233074996 0.000309442 0.0282152 0 0 0 0
0.0601015459639 0.000309435 0.0282452 0 0 0 0
0.0606797844282 0.000309428 0.0282732 0 0 0 0
0.0612580228925 0.00030942 0.0282987 0 0 0 0
0.0618362613568 0.000309413 0.0283215 0 0 0 0
0.0624144998211 0.000309406 0.0283419 0 0 0 0
0.0629927382854 0.000309399 0.0283603 0 0 0 0
0.0635709767497 0.000309392 0.0283775 0 0 0 0
0.0641492152139 0.000309386 0.0283938 0 0 0 0
0.0647274536782 0.000309379 0.02841 0 0 0 0
0.0653056921425 0.000309373 0.0284263 0 0 0 0
0.0658839306068 0.000309367 0.0284428 0 0 0 0
0.0664621690711 0.000309361 0.0284596 0 0 0 0
0.0670404075354 0.000309355 0.0284764 0 0 0 0
0.0676186459997 0.00030935 0.0284931 0 0 0 0
0.068196884464 0.000309344 0.0285093 0 0 0 0
0.0687751229283 0.000309339 0.0285247 0 0 0 0
0.0693533613926 0.000309334 0.0285391 0 0 0 0
0.0699315998569 0.00030933 0.0285524 0 0 0 0
0.0705098383211 0.000309325 0.0285644 0 0 0 0
0.0710880767854 0.000309321 0.0285754 0 0 0 0
0.0716663152497 0.000309317 0.0285854 0 0 0 0
0.072244553714 0.000309313 0.0285946 0 0 0 0
0.0728227921783 0.000309309 0.0286035 0 0 0 0
0.0734010306426 0.000309306 0.0286122 0 0 0 0
0.0739792691069 0.000309302 0.0286212 0 0 0 0
0.0745575075712 0.000309299 0.0286306 0 0 0 0
0.0751357460355 0.000309295 0.0286405 0 0 0 0
0.0757139844998 0.000309292 0.028651 0 0 0 0
0.0762922229641 0.000309289 0.0286621 0 0 0 0
0.0768704614283 0.000309286 0.0286734 0 0 0 0
0.0774486998926 0.000309282 0.0286847 0 0 0 0
0.0780269383569 0.000309279 0.0286958 0 0 0 0
0.0786051768212 0.000309275 0.0287063 0 0 0 0
0.0791834152855 0.000309272 0.0287159 0 0 0 0
0.0797616537498 0.000309268 0.0287242 0 0 0 0
0.0803398922141 0.000309264 0.028731 0 0 0 0
0.0809181306784 0.000309259 0.0287361 0 0 0 0
0.0814963691427 0.000309255 0.0287391 0 0 0 0
0.082074607607 0.00030925 0.0287399 0 0 0 0
0.0826528460713 0.000309245 0.0287384 0 0 0 0
0.0832310845356 0.00030924 0.0287344 0 0 0 0
0.0838093229998 0.000309235 0.0287278 0 0 0 0
0.0843875614641 0.00030923 0.0287185 0 0 0 0
0.0849657999284 0.000309225 0.0287065 0 0 0 0
0.0855440383927 0.000309219 0.0286917 0 0 0 0
0.086122276857 0.000309214 0.0286741 0 0 0 0
0.0867005153213 0.000309209 0.0286538 0 0 0 0
0.0872787537856 0.000309204 0.0286307 0 0 0 0
0.0878569922499 0.0003092 0.0286048 0 0 0 0
0.0884352307142 0.000309195 0.0285761 0 0 0 0
0.0890134691785 0.00030919 0.0285445 0 0 0 0
0.0895917076428 0.000309186 0.0285102 0 0 0 0
0.090169946107 0.000309182 0.028473 0 0 0 0
0.0907481845713 0.000309178 0.028433 0 0 0 0
0.0913264230356 0.000309174 0.0283903 0 0 0 0
0.0919046614999 0.00030917 0.0283451 0 0 0 0
0.0924828999642 0.000309166 0.0282975 0 0 0 0
0.0930611384285 0.000309163 0.0282477 0 0 0 0
0.0936393768928 0.000309159 0.0281961 0 0 0 0
0.0942176153571 0.000309156 0.028143 0 0 0 0
0.0947958538214 0.000309152 0.0280889 0 0 0 0
0.0953740922857 0.000309149 0.0280339 0 0 0 0
0.09595233075 0.000309145 0.0279787 0 0 0 0
0.0965305692143 0.000309142 0.0279234 0 0 0 0
0.0971088076785 0.000309139 0.0278685 0 0 0 0
0.0976870461428 0.000309136 0.0278141 0 0 0 0
0.0982652846071 0.000309132 0.0277605 0 0 0 0
0.0988435230714 0.000309129 0.0277078 0 0 0 0
0.0994217615357 0.000309126 0.0276561 0 0 0 0
0.1 0.000309123 0.0276052 0 0 0 0
0.100581395349 0.000309121 0.027555 0 0 0 0
0.101162790698 0.000309118 0.0275056 0 0 0 0
0.101744186047 0.000309115 0.0274569 0 0 0 0
0.102325581395 0.000309112 0.0274087 0 0 0 0
0.102906976744 0.00030911 0.0273609 0 0 0 0
0.103488372093 0.000309107 0.0273135 0 0 0 0
0.104069767442 0.000309105 0.0272662 0 0 0 0
0.104651162791 0.000309103 0.0272191 0 0 0 0
0.10523255814 0.0003091 0.0271721 0 0 0 0
0.105813953488 0.000309098 0.0271251 0 0 0 0
0.106395348837 0.000309095 0.027078 0 0 0 0
0.106976744186 0.000309093 0.027031 0 0 0 0
0.107558139535 0.00030909 0.0269839 0 0 0 0
0.108139534884 0.000309088 0.0269368 0 0 0 0
0.108720930233 0.000309085 0.0268897 0 0 0 0
0.109306052475 0.000309082 0.0268422 0 0 0 0
0.109891174717 0.000309079 0.0267948 0 0 0 0
0.110476296959 0.000309076 0.0267475 0 0 0 0
0.111061419201 0.000309073 0.0267005 0 0 0 0
0.111646541443 0.000309069 0.0266538 0 0 0 0
0.112231663685 0.000309066 0.0266075 0 0 0 0
0.112816785927 0.000309062 0.0265619 0 0 0 0
0.113401908169 0.000309059 0.0265171 0 0 0 0
0.113987030411 0.000309055 0.0264731 0 0 0 0
0.114572152654 0.000309051 0.0264302 0 0 0 0
